=== GaussianCopula 模型训练结果汇总 ===

训练时间: 0:00:01.512260
生成数据行数: 2000
生成数据列数: 16
总体质量分数: 84.11%
质量等级: 优秀

数据样例:
         id  user_id                   indicator        value               source_table  deleted  start_time_year  start_time_month  start_time_day  start_time_hour  start_time_weekday  end_time_year  end_time_month  end_time_day  end_time_hour  end_time_weekday
0  10828907      169       average_cycling_speed   102.471198  indicator_calculation_job        0           2022.5              10.0            26.0             23.0                 1.0         2022.5            10.0          26.0           23.0               2.0
1   7328994      169  sleep_avg_start_time_7_day  3801.284428          hrv_indicator_job        0           2024.4               5.0            19.0             23.0                 6.0         2024.4             5.0          19.0           23.0               6.0
2   1343634      169    sleep_avg_end_time_7_day     0.011114       sleep_7day_stats_job        0           2023.5               4.0            14.0             23.0                 0.0         2023.5             4.0          14.0           23.0               0.0
3  14873435      169            sleep_start_time    25.549727       cross_heart_rate_job        0           2024.7               6.0            11.0             23.0                 2.0         2024.7             6.0          11.0           23.0               1.0
4   5932046      169              sleep_end_time     1.516485    sleep_daily_metrics_job        0           2024.5              12.0            27.0              0.0                 0.0         2024.5            12.0          27.0            0.0               6.0

数据统计:
                 id  user_id         value  deleted  start_time_year  start_time_month  start_time_day  start_time_hour  start_time_weekday  end_time_year  end_time_month  end_time_day  end_time_hour  end_time_weekday
count  2.000000e+03   2000.0  2.000000e+03   2000.0      2000.000000        2000.00000     2000.000000      2000.000000         2000.000000    2000.000000     2000.000000   2000.000000    2000.000000       2000.000000
mean   8.419757e+06    169.0  1.052375e+03      0.0      2024.097250           7.64000       17.388500        16.553500            2.897000    2024.097150        7.639500     17.391000      16.553500          2.822500
std    4.866193e+06      0.0  2.592031e+03      0.0         0.943855           2.95411        8.906696         9.903594            2.031614       0.943903        2.953795      8.906446       9.904503          1.998998
min    1.176400e+04    169.0  2.183621e-22      0.0      2021.500000           1.00000        1.000000         0.000000            0.000000    2021.500000        1.000000      1.000000       0.000000          0.000000
25%    4.106126e+06    169.0  4.516835e-01      0.0      2023.600000           5.00000       10.000000         3.000000            1.000000    2023.600000        5.000000     10.000000       3.000000          1.000000
50%    8.397434e+06    169.0  5.056520e+01      0.0      2024.400000           8.00000       18.000000        23.000000            3.000000    2024.400000        8.000000     18.000000      23.000000          3.000000
75%    1.263878e+07    169.0  7.954913e+02      0.0      2024.800000          10.00000       25.250000        23.000000            5.000000    2024.800000       10.000000     25.250000      23.000000          5.000000
max    1.677693e+07    169.0  2.595644e+04      0.0      2025.000000          12.00000       31.000000        23.000000            6.000000    2025.000000       12.000000     31.000000      23.000000          6.000000